,Predicted 0,Predicted 1
Actual 0,8282,2815
Actual 1,4400,14335
